-0.909768
-0.91329
-0.913542
-0.910271
-0.910209
-0.910334
-0.910083
-0.913856
-0.916309
-0.911026
-0.91046f
-0.910523
-0.909643
-0.914297
-0.912158
-0.9109
-0.910083
-0.910271
-0.909202
-0.915051
-0.915429
-0.910775
-0.912032
-0.908699
-0.911341
-0.91329
-0.912787
-0.910209
-0.911152
-0.908888
-0.909643
-0.915995
-0.913479
-0.912284
-0.910963
-0.908825
-0.911341
-0.913605
-0.911781
-0.9109
-0.911215
-0.907819
-0.911026
-0.91568
-0.91285
-0.913479
-0.909957
-0.909139
-0.911655
-0.913605
-0.911529
-0.911655
-0.910775
-0.906624
-0.913039
-0.913605
-0.914297
-0.912976
-0.910271
-0.909139
-0.912221
-0.913039
-0.910963
-0.913416
-0.908762
-0.908636
-0.91241
-0.913542
-0.914297
-0.913039
-0.909643
-0.909391
-0.912913
-0.912032
-0.912032
-0.91329
-0.907693
-0.909454
-0.911907
-0.913605
-0.914989
-0.912913
-0.90958
-0.909768
-0.913479
-0.910397
-0.914108
-0.911592
-0.908573
-0.909831
-0.911466
-0.913668
-0.914611
-0.913165
-0.908322
-0.912032
-0.911466
-0.911718
-0.914171
-0.911089
-0.908888
-0.909643
-0.911404
-0.913542
-0.915617
-0.911907
-0.909014
-0.912095
-0.910271
-0.912661
-0.913794
-0.910586
-0.909265
-0.909139
-0.911278
-0.91329
-0.916121
-0.910271
-0.9109
-0.911152
-0.910334
-0.913416
-0.912913
-0.911152
-0.908762
-0.910146
-0.909894
-0.914989
-0.914548
-0.91046
-0.911529
-0.910146
-0.910837
-0.913102
-0.913102
-0.910397
-0.909517
-0.908951
-0.910083
-0.915806
-0.913479
-0.911404
-0.911592
-0.909517
-0.911404
-0.912976
-0.913227
-0.910146
-0.91046
-0.907504
-0.911215
-0.91524
-0.912221
-0.912599
-0.910649
-0.910334
-0.911026
-0.913982
-0.912032
-0.911466
-0.909768
-0.907252
-0.91285
-0.914171
-0.913102
-0.912221
-0.910775
-0.909705
-0.911718
-0.913542
-0.911907
-0.912347
-0.908636
-0.907819
-0.91285
-0.913353
-0.913731
-0.912284
-0.911152
-0.909517
-0.912661
-0.912661
-0.912347
-0.912787
-0.907378
-0.909265
-0.912032
-0.913982
-0.913102
-0.912787
-0.910083
-0.910083
-0.912976
-0.911781
-0.913982
-0.911466
-0.907819
-0.909014
-0.912095
-0.913542
-0.913542
-0.912787
-0.90958
-0.911152
-0.91197
-0.91197
-0.914611
-0.910649
-0.908322
-0.909014
-0.912032
-0.91285
-0.913982
-0.912158
-0.90958
-0.912095
-0.910397
-0.913416
-0.913794
-0.910712
-0.908133
-0.90958
-0.911907
-0.913102
-0.914737
-0.910712
-0.911089
-0.911026
-0.910586
-0.913668
-0.913856
-0.910397
-0.908007
-0.909957
-0.911089
-0.913668
-0.914234
-0.9109
-0.91197
-0.910397
-0.911026
-0.913605
-0.913794
-0.910209
-0.908636
-0.910146
-0.910397
-0.914737
-0.912536
-0.911907
-0.911404
-0.910209
-0.911215
-0.913856
-0.913794
-0.909454
-0.909517
-0.908699
-0.911718
-0.914108
-0.912599
-0.912284
-0.911152
-0.909957
-0.911278
-0.914485
-0.913039
-0.910397
-0.909517
-0.908385
-0.91241
-0.913416
-0.912661
-0.912536
-0.9109
-0.91002
-0.911592
-0.914863
-0.912032
-0.911404
-0.908385
-0.909014
-0.912536
-0.912913
-0.913039
-0.912221
-0.911215
-0.909014
-0.912913
-0.913794
-0.91285
-0.911152
-0.907944
-0.90958
-0.912158
-0.912976
-0.912913
-0.912976
-0.91046
-0.909517
-0.912976
-0.91329
-0.913479
-0.910775
-0.908133
-0.910146
-0.911718
-0.912913
-0.912724
-0.913416
-0.90958
-0.910523
-0.912473
-0.91329
-0.913856
-0.909957
-0.908636
-0.90958
-0.912221
-0.912032
-0.913919
-0.912473
-0.90958
-0.910712
-0.911907
-0.914108
-0.913605
-0.910146
-0.90851
-0.910209
-0.911592
-0.912221
-0.914171
-0.911907
-0.910146
-0.910837
-0.911781
-0.91436
-0.91285
-0.910083
-0.908448
-0.910712
-0.910712
-0.912599
-0.914108
-0.911215
-0.910837
-0.910209
-0.912599
-0.913982
-0.913605
-0.90958
-0.909139
-0.910334
-0.910334
-0.913416
-0.913479
-0.912032
-0.910334
-0.910209
-0.912284
-0.914548
-0.912913
-0.90958
-0.909705
-0.909831
-0.910649
-0.913605
-0.913039
-0.912158
-0.910209
-0.910397
-0.912536
-0.9148
-0.91241
-0.909705
-0.910271
-0.908888
-0.911529
-0.912724
-0.913416
-0.911907
-0.910083
-0.909957
-0.912787
-0.914926
-0.911907
-0.9109
-0.909517
-0.909454
-0.911089
-0.913039
-0.91329
-0.911907
-0.910146
-0.910083
-0.913353
-0.914234
-0.911781
-0.910837
-0.909014
-0.90958
-0.910963
-0.912913
-0.913353
-0.911907
-0.909831
-0.910209
-0.914108
-0.913479
-0.912599
-0.910712
-0.909265
-0.909265
-0.910963
-0.913102
-0.913165
-0.912158
-0.909014
-0.910712
-0.913416
-0.913668
-0.912599
-0.910775
-0.909454
-0.909328
-0.911089
-0.912913
-0.913731
-0.911592
-0.909014
-0.911529
-0.913479
-0.913731
-0.912536
-0.910523
-0.909391
-0.909391
-0.911278
-0.912536
-0.913982
-0.910775
-0.909391
-0.911278
-0.913227
-0.913982
-0.912347
-0.911278
-0.909265
-0.909768
-0.910649
-0.913227
-0.913605
-0.910963
-0.909831
-0.911026
-0.913039
-0.913605
-0.912661
-0.9109
-0.909517
-0.909391
-0.910586
-0.913668
-0.913605
-0.91046
-0.909831
-0.911215
-0.913605
-0.913605
-0.912976
-0.910586
-0.909831
-0.909014
-0.9109
-0.913794
-0.91285
-0.910586
-0.90958
-0.911655
-0.913165
-0.913794
-0.912473
-0.911152
-0.91002
-0.908825
-0.911404
-0.913542
-0.912787
-0.910523
-0.91002
-0.911529
-0.91285
-0.913605
-0.912599
-0.911089
-0.90958
-0.908888
-0.911341
-0.913479
-0.913165
-0.910271
-0.910146
-0.911466
-0.913165
-0.913668
-0.912599
-0.911781
-0.909202
-0.909202
-0.911341
-0.913856
-0.912661
-0.91046
-0.91002
-0.911341
-0.913102
-0.913227
-0.912976
-0.911529
-0.909014
-0.909139
-0.911718
-0.913605
-0.912284
-0.910334
-0.910209
-0.911655
-0.91329
-0.913165
-0.913353
-0.911404
-0.909328
-0.909014
-0.911844
-0.913542
-0.912158
-0.910586
-0.91002
-0.911907
-0.912599
-0.913416
-0.913165
-0.911529
-0.909014
-0.909202
-0.912032
-0.913479
-0.912347
-0.910397
-0.91046
-0.911781
-0.912724
-0.913416
-0.91329
-0.911215
-0.908888
-0.909328
-0.912284
-0.91329
-0.912095
-0.910209
-0.910523
-0.911718
-0.912661
-0.913668
-0.913416
-0.911592
-0.908636
-0.909705
-0.91197
-0.913353
-0.911718
-0.910397
-0.91046
-0.911341
-0.912536
-0.913479
-0.913668
-0.911152
-0.908762
-0.90958
-0.912284
-0.91329
-0.911718
-0.910271
-0.910523
-0.911466
-0.912724
-0.913605
-0.913605
-0.910837
-0.908762
-0.909831
-0.912536
-0.913165
-0.911529
-0.910775
-0.910523
-0.911592
-0.912284
-0.913982
-0.913605
-0.911026
-0.908825
-0.909894
-0.91241
-0.912787
-0.911655
-0.910397
-0.910586
-0.911215
-0.912347
-0.914045
-0.913605
-0.910586
-0.908888
-0.910334
-0.912724
-0.912599
-0.911592
-0.910523
-0.9109
-0.910963
-0.912221
-0.914171
-0.913542
-0.910775
-0.908699
-0.91046
-0.912032
-0.912913
-0.911592
-0.910775
-0.910649
-0.910775
-0.912473
-0.914234
-0.913605
-0.910271
-0.909014
-0.91046
-0.912284
-0.912536
-0.911278
-0.910712
-0.910586
-0.910775
-0.912599
-0.914422
-0.913605
-0.910271
-0.909391
-0.910586
-0.912347
-0.912536
-0.911278
-0.911026
-0.910271
-0.910649
-0.912536
-0.9148
-0.912913
-0.910271
-0.909391
-0.910649
-0.912599
-0.912032
-0.911466
-0.910963
-0.910523
-0.910334
-0.912724
-0.914611
-0.912976
-0.91046
-0.909454
-0.910775
-0.91241
-0.912032
-0.911529
-0.9109
-0.910209
-0.910271
-0.913102
-0.914611
-0.912787
-0.910523
-0.909139
-0.911152
-0.912158
-0.912095
-0.911655
-0.911278
-0.909957
-0.910334
-0.913479
-0.914234
-0.913102
-0.910334
-0.909643
-0.911089
-0.912032
-0.911907
-0.911718
-0.911215
-0.909643
-0.910712
-0.913353
-0.91436
-0.913039
-0.910146
-0.909831
-0.911404
-0.912095
-0.911781
-0.911844
-0.911278
-0.909643
-0.910837
-0.91285
-0.914422
-0.912724
-0.910397
-0.910146
-0.911215
-0.911844
-0.911844
-0.91241
-0.91046
-0.909831
-0.910712
-0.913227
-0.914485
-0.912536
-0.910271
-0.910271
-0.911466
-0.911278
-0.912284
-0.912221
-0.910334
-0.909391
-0.911529
-0.913605
-0.915114
-0.911907
-0.910334
-0.91002
-0.911466
-0.910963
-0.91329
-0.91285
-0.910523
-0.909265
-0.909643
-0.912976
-0.913794
-0.91329
-0.909957
-0.911215
-0.911152
-0.912158
-0.91285
-0.912221
-0.909517
-0.908448
-0.910397
-0.91329
-0.914674
-0.912661
-0.911152
-0.911026
-0.911152
-0.911026
-0.912284
-0.911781
-0.910397
-0.909014
-0.911278
-0.913542
-0.91436
-0.912158
-0.911152
-0.910146
-0.910523
-0.912284
-0.912158
-0.912473
-0.910397
-0.909705
-0.910712
-0.913919
-0.912787
-0.911781
-0.911529
-0.910837
-0.911026
-0.912095
-0.912284
-0.911907
-0.910712
-0.908762
-0.910586
-0.913856
-0.913227
-0.912032
-0.911907
-0.91046
-0.910963
-0.911907
-0.912787
-0.911907
-0.910397
-0.908448
-0.911404
-0.913982
-0.913416
-0.910334
-0.910146
-0.912536
-0.911466
-0.910963
-0.912032
-0.912347
-0.910083
-0.91002
-0.911215
-0.912095
-0.913668
-0.913227
-0.911278
-0.911215
-0.910523
-0.911529
-0.913102
-0.912221
-0.908196
-0.909517
-0.912347
-0.91329
-0.914171
-0.912536
-0.910712
-0.909894
-0.911026
-0.911655
-0.913668
-0.91197
-0.908573
-0.910397
-0.912095
-0.913227
-0.912661
-0.912158
-0.910397
-0.911215
-0.911404
-0.911844
-0.913794
-0.911529
-0.908825
-0.90958
-0.911718
-0.912347
-0.913605
-0.913039
-0.911529
-0.911466
-0.910712
-0.911844
-0.913605
-0.911404
-0.908825
-0.909894
-0.912032
-0.912787
-0.913479
-0.912599
-0.91046
-0.91046
-0.912095
-0.912158
-0.912284
-0.912661
-0.910146
-0.909643
-0.910963
-0.912032
-0.913039
-0.913919
-0.91197
-0.909705
-0.911026
-0.913102
-0.912913
-0.911655
-0.908573
-0.909391
-0.911655
-0.913605
-0.912913
-0.912787
-0.91197
-0.909517
-0.911718
-0.912599
-0.912724
-0.911089
-0.910523
-0.910083
-0.91197
-0.913165
-0.911718
-0.912661
-0.911592
-0.909768
-0.911215
-0.913605
-0.912787
-0.911592
-0.91046
-0.909202
-0.911404
-0.91285
-0.912095
-0.913416
-0.912221
-0.910083
-0.911152
-0.913605
-0.912032
-0.910963
-0.909894
-0.909014
-0.912095
-0.912724
-0.912661
-0.912787
-0.911907
-0.909517
-0.911466
-0.913542
-0.912095
-0.911592
-0.909831
-0.910271
-0.911655
-0.912284
-0.91241
-0.91285
-0.911592
-0.909831
-0.911907
-0.913227
-0.912536
-0.911089
-0.909454
-0.910397
-0.911215
-0.912347
-0.912913
-0.913227
-0.911026
-0.910146
-0.911907
-0.91285
-0.913165
-0.910712
-0.91002
-0.910586
-0.911404
-0.911781
-0.913102
-0.912787
-0.91046
-0.9109
-0.911781
-0.913165
-0.913039
-0.910397
-0.909705
-0.910586
-0.910963
-0.911592
-0.913919
-0.913102
-0.910712
-0.911215
-0.911718
-0.913227
-0.912347
-0.910523
-0.909894
-0.9109
-0.910837
-0.911844
-0.914045
-0.912032
-0.910837
-0.910586
-0.911907
-0.91329
-0.912661
-0.910397
-0.910146
-0.911341
-0.910209
-0.912473
-0.913731
-0.912032
-0.910963
-0.911089
-0.912095
-0.913102
-0.912347
-0.910397
-0.910523
-0.910586
-0.91002
-0.912787
-0.913668
-0.912347
-0.910775
-0.910837
-0.912221
-0.913039
-0.912536
-0.910397
-0.910837
-0.909894
-0.910523
-0.912473
-0.913227
-0.912221
-0.910649
-0.911089
-0.912158
-0.913542
-0.912032
-0.911089
-0.910712
-0.909894
-0.910649
-0.912032
-0.913353
-0.912284
-0.9109
-0.910649
-0.91241
-0.913353
-0.912158
-0.911907
-0.910083
-0.909643
-0.9109
-0.91241
-0.913227
-0.912158
-0.91046
-0.910649
-0.913165
-0.912787
-0.912032
-0.911466
-0.910146
-0.909894
-0.911026
-0.91241
-0.91329
-0.912536
-0.910397
-0.911026
-0.912913
-0.912221
-0.912284
-0.911655
-0.910397
-0.909957
-0.911089
-0.91241
-0.913227
-0.912284
-0.909957
-0.911404
-0.912661
-0.912473
-0.912536
-0.911781
-0.910334
-0.909705
-0.911026
-0.912158
-0.913353
-0.911844
-0.910397
-0.912032
-0.912536
-0.912536
-0.91241
-0.911592
-0.910209
-0.910146
-0.910775
-0.912536
-0.913605
-0.911404
-0.910712
-0.911781
-0.912221
-0.912473
-0.912661
-0.911718
-0.910334
-0.910146
-0.910523
-0.913039
-0.913227
-0.911152
-0.911089
-0.911718
-0.912221
-0.912661
-0.912724
-0.911215
-0.910397
-0.909894
-0.910586
-0.913416
-0.912787
-0.911215
-0.911215
-0.911781
-0.912032
-0.91285
-0.912599
-0.911278
-0.910775
-0.909517
-0.911026
-0.913165
-0.91241
-0.911278
-0.911278
-0.911529
-0.911844
-0.913165
-0.912347
-0.911592
-0.910586
-0.909391
-0.911278
-0.913039
-0.912347
-0.911215
-0.911529
-0.911404
-0.912158
-0.912976
-0.912095
-0.911781
-0.910209
-0.909265
-0.911466
-0.912913
-0.912032
-0.911529
-0.911404
-0.911152
-0.912473
-0.912787
-0.91241
-0.912032
-0.91002
-0.909643
-0.911592
-0.912724
-0.911844
-0.911655
-0.911089
-0.911278
-0.91241
-0.912284
-0.912661
-0.911844
-0.909831
-0.909705
-0.911907
-0.912473
-0.912095
-0.911844
-0.910963
-0.911655
-0.912158
-0.912347
-0.91285
-0.911844
-0.909643
-0.909957
-0.911781
-0.912032
-0.912095
-0.911466
-0.910837
-0.911844
-0.912032
-0.912536
-0.913165
-0.911592
-0.909517
-0.910334
-0.911655
-0.912158
-0.912473
-0.911278
-0.911278
-0.911907
-0.911907
-0.912724
-0.913353
-0.911278
-0.909705
-0.910649
-0.911404
-0.912347
-0.912284
-0.911152
-0.911404
-0.911718
-0.911844
-0.913039
-0.913542
-0.911152
-0.910209
-0.910712
-0.911278
-0.912473
-0.912032
-0.911152
-0.911529
-0.911529
-0.911655
-0.913227
-0.913227
-0.910837
-0.910209
-0.91046
-0.911655
-0.912536
-0.912032
-0.911466
-0.911781
-0.911404
-0.911781
-0.913542
-0.91285
-0.911026
-0.910397
-0.910397
-0.911529
-0.912347
-0.911718
-0.911529
-0.911718
-0.911152
-0.912032
-0.913605
-0.912599
-0.911215
-0.910271
-0.910397
-0.911655
-0.912158
-0.911718
-0.911781
-0.911655
-0.910963
-0.912284
-0.91329
-0.912536
-0.911341
-0.910209
-0.910397
-0.911907
-0.911844
-0.911529
-0.912158
-0.910963
-0.910775
-0.912787
-0.913353
-0.912536
-0.911655
-0.91002
-0.910649
-0.912032
-0.911718
-0.911592
-0.912158
-0.910837
-0.910963
-0.912536
-0.912976
-0.912661
-0.911466
-0.910083
-0.910712
-0.911907
-0.911529
-0.912032
-0.911907
-0.910775
-0.911466
-0.912724
-0.913165
-0.912913
-0.911341
-0.909957
-0.911089
-0.911466
-0.911278
-0.912095
-0.911655
-0.910649
-0.911529
-0.912536
-0.913102
-0.912976
-0.911215
-0.910334
-0.911278
-0.911529
-0.911529
-0.912347
-0.911404
-0.9109
-0.911341
-0.912221
-0.913102
-0.91285
-0.910775
-0.910523
-0.911404
-0.911215
-0.911718
-0.912221
-0.911466
-0.910963
-0.91197
-0.912536
-0.913605
-0.91241
-0.910712
-0.911026
-0.910712
-0.910209
-0.912599
-0.913165
-0.909957
-0.910334
-0.911592
-0.913227
-0.913479
-0.912284
-0.910083
-0.911844
-0.912032
-0.911089
-0.911655
-0.911655
-0.910837
-0.910649
-0.911718
-0.912158
-0.913605
-0.912347
-0.911404
-0.911404
-0.911026
-0.910397
-0.911781
-0.91197
-0.911278
-0.910837
-0.911026
-0.912661
-0.913605
-0.912347
-0.910963
-0.911089
-0.910775
-0.911341
-0.912032
-0.912032
-0.911341
-0.909139
-0.910775
-0.913605
-0.913039
-0.911907
-0.911844
-0.911278
-0.911278
-0.912158
-0.910334
-0.911089
-0.911529
-0.911026
-0.911278
-0.913856
-0.912032
-0.912599
-0.912599
-0.91046
-0.910209
-0.911089
-0.911844
-0.912095
-0.912347
-0.909705
-0.911215
-0.912976
-0.912473
-0.912284
-0.912284
-0.9109
-0.911026
-0.912221
-0.911718
-0.911844
-0.9109
-0.909705
-0.911466
-0.913227
-0.912724
-0.912473
-0.912221
-0.911089
-0.910775
-0.911404
-0.911404
-0.91197
-0.911341
-0.912032
-0.910712
-0.911089
-0.912913
-0.912032
-0.909957
-0.91046
-0.912221
-0.911341
-0.913919
-0.912536
-0.910775
-0.910397
-0.911404
-0.910775
-0.913039
-0.912661
-0.911844
-0.912032
-0.911718
-0.910523
-0.912158
-0.910586
-0.909014
-0.912284
-0.912032
-0.912032
-0.913605
-0.913416
-0.91046
-0.911907
-0.909831
-0.909768
-0.912284
-0.912787
-0.911026
-0.911844
-0.911655
-0.911152
-0.913353
-0.911907
-0.911341
-0.911529
-0.911529
-0.9109
-0.913102
-0.911529
-0.909831
-0.9109
-0.911781
-0.91241
-0.913416
-0.912032
-0.911907
-0.913731
-0.910586
-0.909517
-0.912284
-0.912284
-0.91002
-0.911718
-0.912787
-0.911529
-0.91329
-0.911404
-0.910837
-0.910775
-0.911844
-0.910712
-0.913479
-0.911844
-0.9109
-0.912976
-0.91197
-0.910712
-0.912913
-0.913039
-0.910083
-0.910334
-0.910649
-0.911718
-0.914108
-0.912661
-0.909391
-0.910397
-0.912347
-0.911844
-0.912284
-0.912284
-0.911026
-0.911718
-0.912095
-0.911781
-0.911907
-0.911152
-0.909768
-0.910775
-0.912536
-0.911466
-0.91285
-0.913353
-0.911781
-0.910586
-0.910963
-0.910963
-0.910649
-0.912284
-0.911655
-0.911152
-0.913542
-0.912724
-0.909768
-0.912661
-0.911404
-0.909265
-0.910271
-0.913102
-0.912599
-0.914297
-0.911718
-0.909014
-0.910837
-0.911781
-0.911341
-0.913227
-0.911655
-0.910209
-0.913479
-0.912724
-0.911529
-0.910712
-0.910837
-0.909454
-0.913039
-0.912599
-0.912284
-0.913353
-0.911089
-0.91002
-0.911404
-0.912284
-0.910963
-0.912347
-0.911844
-0.911404
-0.911844
-0.911844
-0.910963
-0.91285
-0.912095
-0.911026
-0.911718
-0.912536
-0.911718
-0.911215
-0.911278
-0.909139
-0.910209
-0.913165
-0.913794
-0.911655
-0.912976
-0.9109
-0.9109
-0.911466
-0.911089
-0.909768
-0.912095
-0.912724
-0.912032
-0.913416
-0.912032
-0.910649
-0.911341
-0.910649
-0.910271
-0.913102
-0.912661
-0.911529
-0.912032
-0.912095
-0.909643
-0.91197
-0.911592
-0.911529
-0.91241
-0.912032
-0.911404
-0.91241
-0.912536
-0.909517
-0.911404
-0.910837
-0.911026
-0.912284
-0.91329
-0.912032
-0.912032
-0.911215
-0.91046
-0.912473
-0.91197
-0.910712
-0.911215
-0.91197
-0.911278
-0.912661
-0.912661
-0.911781
-0.911278
-0.911718
-0.911278
-0.912473
-0.911907
-0.9109
-0.911026
-0.911529
-0.911404
-0.912032
-0.913416
-0.911718
-0.911655
-0.911089
-0.911718
-0.911404
-0.911781
-0.911341
-0.911278
-0.91197
-0.911592
-0.912536
-0.912661
-0.91197
-0.910712
-0.911404
-0.911844
-0.911907
-0.912095
-0.911655
-0.910963
-0.911026
-0.911026
-0.911718
-0.912473
-0.912347
-0.911655
-0.912032
-0.912473
-0.911844
-0.911781
-0.910775
-0.910523
-0.910649
-0.911655
-0.91197
-0.913227
-0.91241
-0.911278
-0.911341
-0.911466
-0.911592
-0.911592
-0.911529
-0.910775
-0.911404
-0.911529
-0.912032
-0.912724
-0.91197
-0.910963
-0.911655
-0.912095
-0.91197
-0.911466
-0.911341
-0.91046
-0.911026
-0.911466
-0.912095
-0.91285
-0.912032
-0.911404
-0.911404
-0.912032
-0.911529
-0.911718
-0.911404
-0.911026
-0.911152
-0.911466
-0.912158
-0.912221
-0.912095
-0.911278
-0.911781
-0.912032
-0.912032
-0.911529
-0.911278
-0.910837
-0.910523
-0.911215
-0.912032
-0.912473
-0.912284
-0.911718
-0.91197
-0.912158
-0.91197
-0.911529
-0.911152
-0.911026
-0.910397
-0.911718
-0.912221
-0.912473
-0.91197
-0.911466
-0.911592
-0.911907
-0.91197
-0.911278
-0.911718
-0.911026
-0.9109
-0.911466
-0.912284
-0.912095
-0.912095
-0.911655
-0.911592
-0.912221
-0.911844
-0.911592
-0.911404
-0.9109
-0.910586
-0.911529
-0.912284
-0.912158
-0.912032
-0.911655
-0.911655
-0.912095
-0.911781
-0.911718
-0.911404
-0.911089
-0.910649
-0.911529
-0.912284
-0.912032
-0.912032
-0.911655
-0.912032
-0.912032
-0.912032
-0.911404
-0.911215
-0.910649
-0.910397
-0.911466
-0.912095
-0.912095
-0.911907
-0.911907
-0.912032
-0.912095
-0.911907
-0.911529
-0.911404
-0.910712
-0.910586
-0.911466
-0.912158
-0.912095
-0.911592
-0.911844
-0.911844
-0.911907
-0.911781
-0.911781
-0.911592
-0.910963
-0.910963
-0.911341
-0.912284
-0.912032
-0.911718
-0.911844
-0.912032
-0.91197
-0.911844
-0.911907
-0.911089
-0.910712
-0.910649
-0.911529
-0.912095
-0.912032
-0.91197
-0.91197
-0.912032
-0.911907
-0.911907
-0.91197
-0.911215
-0.910712
-0.910712
-0.911718
-0.912095
-0.91197
-0.911655
-0.911907
-0.912221
-0.91197
-0.912095
-0.911718
-0.911089
-0.910586
-0.9109
-0.911529
-0.91197
-0.91197
-0.911718
-0.912158
-0.912158
-0.912032
-0.91197
-0.911907
-0.911278
-0.910712
-0.911026
-0.911592
-0.912032
-0.911907
-0.911718
-0.911907
-0.91197
-0.912032
-0.912032
-0.912032
-0.911278
-0.910649
-0.911026
-0.911466
-0.912032
-0.911781
-0.91197
-0.912032
-0.912095
-0.912032
-0.912032
-0.91197
-0.911089
-0.910649
-0.910775
-0.911655
-0.911844
-0.911844
-0.911781
-0.91197
-0.912032
-0.911907
-0.912095
-0.91197
-0.911341
-0.910837
-0.910963
-0.911718
-0.911781
-0.911844
-0.91197
-0.91197
-0.91197
-0.912032
-0.912221
-0.911781
-0.911152
-0.910523
-0.911026
-0.911655
-0.911781
-0.911592
-0.911907
-0.912095
-0.911781
-0.912095
-0.912032
-0.91197
-0.911278
-0.910837
-0.911089
-0.911089
-0.911718
-0.912158
-0.912032
-0.911466
-0.911781
-0.912221
-0.91241
-0.912032
-0.910712
-0.910397
-0.911215
-0.911844
-0.911718
-0.911844
-0.911907
-0.911907
-0.912158
-0.912221
-0.912158
-0.911907
-0.911215
-0.910712
-0.911215
-0.911341
-0.911215
-0.911592
-0.911781
-0.91197
-0.912032
-0.912032
-0.912221
-0.91197
-0.911026
-0.910712
-0.911152
-0.911404
-0.911529
-0.911844
-0.912032
-0.912095
-0.912095
-0.912095
-0.912284
-0.911907
-0.910963
-0.910837
-0.911215
-0.911278
-0.911466
-0.911844
-0.911781
-0.911718
-0.911844
-0.912221
-0.91241
-0.91197
-0.911152
-0.911152
-0.911404
-0.911404
-0.911592
-0.911655
-0.91197
-0.911718
-0.912032
-0.912095
-0.912347
-0.911718
-0.9109
-0.910837
-0.911278
-0.911341
-0.911529
-0.911781
-0.911844
-0.911907
-0.912032
-0.91241
-0.912473
-0.911844
-0.911089
-0.911089
-0.911278
-0.911215
-0.911341
-0.911529
-0.911781
-0.911718
-0.911907
-0.912221
-0.912347
-0.911592
-0.911152
-0.911152
-0.911278
-0.911215
-0.911781
-0.911907
-0.912032
-0.911907
-0.911844
-0.91241
-0.912473
-0.911655
-0.911089
-0.911089
-0.911089
-0.911278
-0.911592
-0.911718
-0.911592
-0.911529
-0.911907
-0.912599
-0.912473
-0.911718
-0.911341
-0.911278
-0.911152
-0.911404
-0.911466
-0.911529
-0.911781
-0.911718
-0.91197
-0.91241
-0.912158
-0.911655
-0.911278
-0.911215
-0.911215
-0.911466
-0.911592
-0.911592
-0.911529
-0.911592
-0.912095
-0.912536
-0.912095
-0.911466
-0.911278
-0.911278
-0.911215
-0.911341
-0.911466
-0.911592
-0.911718
-0.911592
-0.91197
-0.912347
-0.912158
-0.911844
-0.911529
-0.911152
-0.911152
-0.911341
-0.911844
-0.911844
-0.911529
-0.911529
-0.912158
-0.912599
-0.912347
-0.911655
-0.911152
-0.911278
-0.911466
-0.911466
-0.911592
-0.911592
-0.911215
-0.911529
-0.912158
-0.912536
-0.912158
-0.911655
-0.911466
-0.911404
-0.911404
-0.911278
-0.911592
-0.911718
-0.911466
-0.911655
-0.912032
-0.912158
-0.912032
-0.911529
-0.911341
-0.911278
-0.911089
-0.911026
-0.911718
-0.911718
-0.911278
-0.911592
-0.912032
-0.912536
-0.912221
-0.911655
-0.911278
-0.911404
-0.911278
-0.911341
-0.911592
-0.911341
-0.911278
-0.911655
-0.912158
-0.912158
-0.912032
-0.911592
-0.911529
-0.911466
-0.911152
-0.911341
-0.911655
-0.911529
-0.911404
-0.911781
-0.912158
-0.912347
-0.912095
-0.911592
-0.911466
-0.911466
-0.911152
-0.911466
-0.911529
-0.911341
-0.911278
-0.911718
-0.912158
-0.912473
-0.912032
-0.911655
-0.911592
-0.911341
-0.911404
-0.911655
-0.911592
-0.911215
-0.911215
-0.911718
-0.912284
-0.912473
-0.91197
-0.911718
-0.911655
-0.911529
-0.911341
-0.911466
-0.911466
-0.911341
-0.911404
-0.911592
-0.912221
-0.912347
-0.912032
-0.911907
-0.911655
-0.911341
-0.911341
-0.911529
-0.911529
-0.911404
-0.911152
-0.911466
-0.912221
-0.912473
-0.912095
-0.911844
-0.911655
-0.911404
-0.911655
-0.911529
-0.911404
-0.911278
-0.911152
-0.911781
-0.912473
-0.912284
-0.912032
-0.91197
-0.911844
-0.911529
-0.911529
-0.911592
-0.911466
-0.911404
-0.911215
-0.911844
-0.912284
-0.912284
-0.912158
-0.91197
-0.911592
-0.911404
-0.911404
-0.911466
-0.911529
-0.911215
-0.911215
-0.911781
-0.912221
-0.912158
-0.912221
-0.91197
-0.911592
-0.911592
-0.911592
-0.911529
-0.911404
-0.910963
-0.911089
-0.911781
-0.912032
-0.912032
-0.912095
-0.911907
-0.911718
-0.911529
-0.911592
-0.911718
-0.911404
-0.910963
-0.911152
-0.911718
-0.912095
-0.912032
-0.912158
-0.911781
-0.911529
-0.911341
-0.911466
-0.911592
-0.911278
-0.910963
-0.911215
-0.911781
-0.91197
-0.912158
-0.912032
-0.911907
-0.911718
-0.911404
-0.911592
-0.911655
-0.911341
-0.910837
-0.911089
-0.911655
-0.91197
-0.912221
-0.912032
-0.911844
-0.911655
-0.911466
-0.911592
-0.911592
-0.911152
-0.910775
-0.911278
-0.911592
-0.912095
-0.912158
-0.912032
-0.911907
-0.911781
-0.911592
-0.911718
-0.911592
-0.911152
-0.910963
-0.911278
-0.911592
-0.912032
-0.912095
-0.912032
-0.91197
-0.911655
-0.911404
-0.911781
-0.911655
-0.911152
-0.911089
-0.911215
-0.911655
-0.912032
-0.912221
-0.912095
-0.911907
-0.911466
-0.911404
-0.911907
-0.911592
-0.911152
-0.910963
-0.911152
-0.911718
-0.912095
-0.912221
-0.912221
-0.912032
-0.911655
-0.911781
-0.91197
-0.911592
-0.911152
-0.910963
-0.911089
-0.911781
-0.91197
-0.912032
-0.912095
-0.912032
-0.911592
-0.911781
-0.911844
-0.911655
-0.911341
-0.910963
-0.911089
-0.911529
-0.91197
-0.912032
-0.912221
-0.911781
-0.911529
-0.911718
-0.911907
-0.911592
-0.911089
-0.910837
-0.911089
-0.911718
-0.912032
-0.912158
-0.912284
-0.911844
-0.911655
-0.911844
-0.911907
-0.911592
-0.911089
-0.910712
-0.911089
-0.911718
-0.911844
-0.912095
-0.912032
-0.911844
-0.911781
-0.911781
-0.91197
-0.911655
-0.911152
-0.910775
-0.911278
-0.911529
-0.911844
-0.912158
-0.912095
-0.911781
-0.911718
-0.911844
-0.911844
-0.911655
-0.911089
-0.910837
-0.911215
-0.911466
-0.912032
-0.912284
-0.912158
-0.911844
-0.911781
-0.91197
-0.91197
-0.911655
-0.910963
-0.910963
-0.911152
-0.911466
-0.911907
-0.912158
-0.912095
-0.911844
-0.911907
-0.91197
-0.91197
-0.911592
-0.911026
-0.911089
-0.911152
-0.911466
-0.911781
-0.912284
-0.912158
-0.911781
-0.911781
-0.912095
-0.912095
-0.911529
-0.910963
-0.910837
-0.911089
-0.911655
-0.912032
-0.912032
-0.91197
-0.911844
-0.911718
-0.912032
-0.912032
-0.911466
-0.911152
-0.911026
-0.911089
-0.911341
-0.91197
-0.912032
-0.912032
-0.911844
-0.911655
-0.912032
-0.91197
-0.911592
-0.910963
-0.910837
-0.910837
-0.911466
-0.91197
-0.912095
-0.912095
-0.911655
-0.911781
-0.912158
-0.912095
-0.911466
-0.911026
-0.910837
-0.910963
-0.911529
-0.911844
-0.912032
-0.911907
-0.911592
-0.911844
-0.912095
-0.91197
-0.911404
-0.911026
-0.910963
-0.911026
-0.911718
-0.911907
-0.912158
-0.91197
-0.911718
-0.911844
-0.912032
-0.911844
-0.911466
-0.911089
-0.910775
-0.911089
-0.911341
-0.911907
-0.912158
-0.911844
-0.911655
-0.911907
-0.912158
-0.912032
-0.911781
-0.911026
-0.910837
-0.911152
-0.911404
-0.912032
-0.912158
-0.911907
-0.911655
-0.91197
-0.912032
-0.911844
-0.911592
-0.911152
-0.911026
-0.911026
-0.911466
-0.912032
-0.912158
-0.91197
-0.911844
-0.912158
-0.912158
-0.912158
-0.911718
-0.911152
-0.910963
-0.910963
-0.911466
-0.91197
-0.912095
-0.911781
-0.911655
-0.911907
-0.912095
-0.912095
-0.911592
-0.911215
-0.9109
-0.911152
-0.911718
-0.912158
-0.912095
-0.911655
-0.911907
-0.91197
-0.912095
-0.911907
-0.911529
-0.911152
-0.910837
-0.910837
-0.911404
-0.912095
-0.91197
-0.911907
-0.911844
-0.912032
-0.912221
-0.912032
-0.911781
-0.911278
-0.910775
-0.910837
-0.911529
-0.912095
-0.911907
-0.911718
-0.911718
-0.91197
-0.912158
-0.912032
-0.911592
-0.911215
-0.910837
-0.9109
-0.911718
-0.912032
-0.91197
-0.911844
-0.911781
-0.912032
-0.912221
-0.912032
-0.911592
-0.911215
-0.910712
-0.9109
-0.911592
-0.912032
-0.912032
-0.911655
-0.911718
-0.91197
-0.912158
-0.912032
-0.911718
-0.911215
-0.910775
-0.911026
-0.911655
-0.912095
-0.911907
-0.911592
-0.911718
-0.912095
-0.912095
-0.912032
-0.911718
-0.911215
-0.910712
-0.911026
-0.911655
-0.912032
-0.91197
-0.911844
-0.911844
-0.912095
-0.912032
-0.912032
-0.911907
-0.911278
-0.9109
-0.911026
-0.911655
-0.912032
-0.911844
-0.911592
-0.911718
-0.912032
-0.912095
-0.912158
-0.911844
-0.911152
-0.910775
-0.911026
-0.911655
-0.912032
-0.911844
-0.911655
-0.911844
-0.912032
-0.912158
-0.912158
-0.911781
-0.911026
-0.910712
-0.911089
-0.911592
-0.911907
-0.911718
-0.911592
-0.911907
-0.912032
-0.912095
-0.912221
-0.911781
-0.911215
-0.910837
-0.911152
-0.911718
-0.91197
-0.911655
-0.911592
-0.911844
-0.912032
-0.912221
-0.912221
-0.911844
-0.911089
-0.9109
-0.911152
-0.911718
-0.911844
-0.911655
-0.911718
-0.911907
-0.912032
-0.912221
-0.912221
-0.911781
-0.911152
-0.910837
-0.911152
-0.911781
-0.911907
-0.911592
-0.911718
-0.911718
-0.91197
-0.912221
-0.912284
-0.911781
-0.911026
-0.910649
-0.911089
-0.911655
-0.911718
-0.911655
-0.911592
-0.911655
-0.91197
-0.912284
-0.912284
-0.911781
-0.911215
-0.910775
-0.911215
-0.911655
-0.911655
-0.911655
-0.911718
-0.911781
-0.91197
-0.912284
-0.912158
-0.911844
-0.910963
-0.910775
-0.911278
-0.911655
-0.911781
-0.911718
-0.911592
-0.911655
-0.912032
-0.912284
-0.912347
-0.91197
-0.911152
-0.9109
-0.911278
-0.911655
-0.911718
-0.911781
-0.911592
-0.911655
-0.911844
-0.912284
-0.912347
-0.911844
-0.911089
-0.9109
-0.911341
-0.911655
-0.911781
-0.911718
-0.911529
-0.911718
-0.91197
-0.912158
-0.912284
-0.911718
-0.910963
-0.910837
-0.911278
-0.911592
-0.911718
-0.911655
-0.911466
-0.911718
-0.911907
-0.912284
-0.912473
-0.911844
-0.911026
-0.911026
-0.911341
-0.911655
-0.911781
-0.911592
-0.911466
-0.911592
-0.911844
-0.912284
-0.91241
-0.911655
-0.911152
-0.911026
-0.911215
-0.911655
-0.911718
-0.911718
-0.911592
-0.911655
-0.912032
-0.91241
-0.912347
-0.911844
-0.911152
-0.910963
-0.911278
-0.911592
-0.911592
-0.911466
-0.911341
-0.911404
-0.911907
-0.912284
-0.91241
-0.911781
-0.911215
-0.911152
-0.911404
-0.911718
-0.911718
-0.911655
-0.911529
-0.911592
-0.912032
-0.912599
-0.912473
-0.911781
-0.911152
-0.911089
-0.911404
-0.911592
-0.911655
-0.911655
-0.911529
-0.911529
-0.912032
-0.912473
-0.912347
-0.911844
-0.911278
-0.911152
-0.911404
-0.911655
-0.911718
-0.911592
-0.911466
-0.911529
-0.912032
-0.912536
-0.91241
-0.911907
-0.911215
-0.911215
-0.911466
-0.911718
-0.911844
-0.911781
-0.911466
-0.911466
-0.912158
-0.912536
-0.912473
-0.911844
-0.911278
-0.911152
-0.911466
-0.911529
-0.911781
-0.911718
-0.911404
-0.911404
-0.912095
-0.912536
-0.912473
-0.911907
-0.911404
-0.911215
-0.911404
-0.911781
-0.91197
-0.911781
-0.911278
-0.911529
-0.912032
-0.912536
-0.912284
-0.911718
-0.911215
-0.911215
-0.911341
-0.911655
-0.911844
-0.911592
-0.911278
-0.911529
-0.912032
-0.912536
-0.91241
-0.911781
-0.911466
-0.911215
-0.911341
-0.911655
-0.911781
-0.911529
-0.911341
-0.911529
-0.912032
-0.912473
-0.912221
-0.911781
-0.911466
-0.911278
-0.911466
-0.911781
-0.911844
-0.911655
-0.911215
-0.911341
-0.912032
-0.912661
-0.912347
-0.911844
-0.911404
-0.911215
-0.911466
-0.911655
-0.911844
-0.911466
-0.911341
-0.911466
-0.912095
-0.912599
-0.912221
-0.911781
-0.911341
-0.911278
-0.911466
-0.911781
-0.911781
-0.911655
-0.911215
-0.911466
-0.912158
-0.912473
-0.912221
-0.91197
-0.911529
-0.911341
-0.911404
-0.911907
-0.911781
-0.911529
-0.911215
-0.911592
-0.912221
-0.912536
-0.912347
-0.911907
-0.911655
-0.911341
-0.911466
-0.911718
-0.911781
-0.911529
-0.911278
-0.911529
-0.912095
-0.912536
-0.912221
-0.91197
-0.911592
-0.911278
-0.911404
-0.911781
-0.911907
-0.911466
-0.911089
-0.911466
-0.912095
-0.912473
-0.912284
-0.91197
-0.911404
-0.911278
-0.911529
-0.911781
-0.911907
-0.911404
-0.911089
-0.911404
-0.912221
-0.91241
-0.912347
-0.91197
-0.911529
-0.911278
-0.911529
-0.91197
-0.911781
-0.911341
-0.911026
-0.911655
-0.912158
-0.91241
-0.912347
-0.91197
-0.911529
-0.911215
-0.911466
-0.91197
-0.91197
-0.911404
-0.911026
-0.911592
-0.912095
-0.912347
-0.912347
-0.912032
-0.911404
-0.911215
-0.911466
-0.911844
-0.911844
-0.911152
-0.910963
-0.911718
-0.912158
-0.912347
-0.91241
-0.912095
-0.911529
-0.911404
-0.911592
-0.911907
-0.911718
-0.911278
-0.911026
-0.911466
-0.912032
-0.912347
-0.912473
-0.912032
-0.911466
-0.911404
-0.911655
-0.912095
-0.911781
-0.911215
-0.911215
-0.911592
-0.912032
-0.912284
-0.912473
-0.912032
-0.911466
-0.911089
-0.911592
-0.912032
-0.911844
-0.911341
-0.911089
-0.911529
-0.912032
-0.912536
-0.912347
-0.912032
-0.911529
-0.911404
-0.911844
-0.912032
-0.911718
-0.911341
-0.911215
-0.911529
-0.91197
-0.912473
-0.91241
-0.912032
-0.911404
-0.911341
-0.911844
-0.91197
-0.911718
-0.911278
-0.911404
-0.911529
-0.912095
-0.912473
-0.912473
-0.912032
-0.911466
-0.911404
-0.911781
-0.912032
-0.911718
-0.911278
-0.911152
-0.911341
-0.91197
-0.912347
-0.912473
-0.911844
-0.911466
-0.911466
-0.911844
-0.912032
-0.911592
-0.911341
-0.911152
-0.911466
-0.912032
-0.91241
-0.912473
-0.911907
-0.911404
-0.911341
-0.911718
-0.911844
-0.911529
-0.911152
-0.911026
-0.911341
-0.911907
-0.912473
-0.91241
-0.91197
-0.911529
-0.911529
-0.911907
-0.911781
-0.911592
-0.911089
-0.911089
-0.911278
-0.911844
-0.912221
-0.912347
-0.911907
-0.911341
-0.911466
-0.911844
-0.91197
-0.911592
-0.911278
-0.911089
-0.911529
-0.91197
-0.912095
-0.912347
-0.911907
-0.911781
-0.911781
-0.911655
-0.911655
-0.911341
-0.911278
-0.911152
-0.911341
-0.911844
-0.912347
-0.912536
-0.911781
-0.911466
-0.911466
-0.911718
-0.911907
-0.911781
-0.911278
-0.911089
-0.911215
-0.91197
-0.912536
-0.912347
-0.91197
-0.911529
-0.911529
-0.91197
-0.912032
-0.911718
-0.911278
-0.911215
-0.911341
-0.91197
-0.91241
-0.912347
-0.911907
-0.911592
-0.911781
-0.911844
-0.91197
-0.911718
-0.911152
-0.911026
-0.911341
-0.91197
-0.91241
-0.912347
-0.911844
-0.911592
-0.911844
-0.911907
-0.912032
-0.911718
-0.911278
-0.911089
-0.911341
-0.912032
-0.912347
-0.912347
-0.911781
-0.911529
-0.911718
-0.912032
-0.911907
-0.911718
-0.911215
-0.910963
-0.911404
-0.911781
-0.912284
-0.912221
-0.911844
-0.911466
-0.911592
-0.911907
-0.91197
-0.911718
-0.911152
-0.910837
-0.911215
-0.912032
-0.91241
-0.912158
-0.911781
-0.911655
-0.911781
-0.91197
-0.911907
-0.911529
-0.911215
-0.9109
-0.911089
-0.911844
-0.912284
-0.912158
-0.911781
-0.911529
-0.911655
-0.911907
-0.911907
-0.911781
-0.911215
-0.9109
-0.911215
-0.91197
-0.91241
-0.912284
-0.911718
-0.911529
-0.911655
-0.91197
-0.91197
-0.911655
-0.911089
-0.910586
-0.911152
-0.91197
-0.912347
-0.912095
-0.911781
-0.911592
-0.911844
-0.912032
-0.91197
-0.911718
-0.910963
-0.910775
-0.911089
-0.911844
-0.912158
-0.912032
-0.911718
-0.911529
-0.911718
-0.91197
-0.912032
-0.911781
-0.911215
-0.910837
-0.911278
-0.911844
-0.912095
-0.912221
-0.911844
-0.911592
-0.911718
-0.91197
-0.912158
-0.911844
-0.911089
-0.910775
-0.911152
-0.911907
-0.912221
-0.912284
-0.911655
-0.911592
-0.911844
-0.912032
-0.912032
-0.911718
-0.911089
-0.910837
-0.911215
-0.911844
-0.912158
-0.912158
-0.911844
-0.911718
-0.911781
-0.912032
-0.912158
-0.911781
-0.910963
-0.910837
-0.911152
-0.911781
-0.912095
-0.91197
-0.911718
-0.911718
-0.911844
-0.91197
-0.912032
-0.911718
-0.911026
-0.9109
-0.911278
-0.911844
-0.912032
-0.912032
-0.911718
-0.911529
-0.911655
-0.911907
-0.912032
-0.911655
-0.910963
-0.910775
-0.911152
-0.911844
-0.912095
-0.912032
-0.911844
-0.911592
-0.911844
-0.912032
-0.912032
-0.911592
-0.911089
-0.910712
-0.911215
-0.911718
-0.912032
-0.91197
-0.911718
-0.911466
-0.911718
-0.912032
-0.912032
-0.911592
-0.911026
-0.9109
-0.911089
-0.911844
-0.912032
-0.912032
-0.911655
-0.911529
-0.911718
-0.912032
-0.912095
-0.911718
-0.910963
-0.910649
-0.911089
-0.911844
-0.912032
-0.911844
-0.911592
-0.911529
-0.911844
-0.912032
-0.912032
-0.911592
-0.910963
-0.910837
-0.911341
-0.911781
-0.912032
-0.912032
-0.911655
-0.911592
-0.911718
-0.912032
-0.912032
-0.911592
-0.9109
-0.910712
-0.911278
-0.911781
-0.912032
-0.912032
-0.911655
-0.911655
-0.911844
-0.912158
-0.912158
-0.911781
-0.910963
-0.910837
-0.911152
-0.911718
-0.912032
-0.911844
-0.911466
-0.911404
-0.911781
-0.912095
-0.912095
-0.911655
-0.911089
-0.9109
-0.911341
-0.911781
-0.912032
-0.91197
-0.911655
-0.911529
-0.911718
-0.912032
-0.912158
-0.911529
-0.910963
-0.9109
-0.911215
-0.911781
-0.912032
-0.911907
-0.911592
-0.911655
-0.911781
-0.912221
-0.912158
-0.911655
-0.911089
-0.910775
-0.911152
-0.911718
-0.91197
-0.911781
-0.911466
-0.911592
-0.911844
-0.912158
-0.912158
-0.911718
-0.911152
-0.9109
-0.911215
-0.911718
-0.912032
-0.911844
-0.911718
-0.911529
-0.911655
-0.912158
-0.912095
-0.911718
-0.911152
-0.9109
-0.911215
-0.911844
-0.912032
-0.911781
-0.911655
-0.911655
-0.91197
-0.912221
-0.912095
-0.911655
-0.911089
-0.910963
-0.911278
-0.911781
-0.911844
-0.911907
-0.911655
-0.911466
-0.911844
-0.912221
-0.912158
-0.911781
-0.911215
-0.9109
-0.911152
-0.911781
-0.91197
-0.91197
-0.911655
-0.911529
-0.911907
-0.912284
-0.912221
-0.911718
-0.911026
-0.9109
-0.911341
-0.911718
-0.91197
-0.911844
-0.911592
-0.911655
-0.912032
-0.912284
-0.912095
-0.911718
-0.911026
-0.910963
-0.911278
-0.911592
-0.911907
-0.911781
-0.911466
-0.911592
-0.911907
-0.912158
-0.912221
-0.911655
-0.911089
-0.910963
-0.911278
-0.911592
-0.912032
-0.911844
-0.911529
-0.911592
-0.911907
-0.912221
-0.912158
-0.911655
-0.911152
-0.910963
-0.911215
-0.911592
-0.911844
-0.911844
-0.911529
-0.911592
-0.91197
-0.912158
-0.912347
-0.911592
-0.911089
-0.911089
-0.911278
-0.911718
-0.912032
-0.911781
-0.911529
-0.911781
-0.911907
-0.912221
-0.912158
-0.911592
-0.911152
-0.910963
-0.911152
-0.911592
-0.912032
-0.911781
-0.911592
-0.911466
-0.911907
-0.91241
-0.912284
-0.911718
-0.911152
-0.910963
-0.911152
-0.911781
-0.911844
-0.911718
-0.911529
-0.911404
-0.91197
-0.912284
-0.912095
-0.911529
-0.911152
-0.910963
0
0
0
0
0
0
0
0
0
0
0
0
0
0
0
0